0,25,25,1,200,0,0,P1,0,0,0,3
1,3,3,1,228,0,0,MP1,0,0,0,278,0,0,228,0,0,0.1,0,0,9
1,3,3,1,328,8,0,MP2,0,0,0,328,8,0,278,8,0,0.1,0,0,9
2,3,30,200,0,1,SW1,1,2
0,25,25,1,356,0,0,P2,0,0,0,3
0,3,3,15,356,0,16,P2.1,0,0,0,1
0,3,3,1,350,0,6,P2.2,0,0,0,1
0,3,3,1,356,6,12,P2.3,0,0,0,1
0,3,3,1,362,0,18,P2.4,0,0,0,1
0,3,3,1,356,-6,24,P2.5,0,0,0,1
0,3,3,1,350,0,30,P2.6,0,0,0,1
1,3,3,1,344,0,30,MP3,0,0,0,344,0,30,228,0,30,0.15,0,0,9
0,25,25,1,200,0,30,P3,0,0,0,3
0,3,3,1,200,45,30,P3.1,0,0,0,1
0,3,3,1,200,70,30,P3.2,0,0,0,1
0,3,1,10,200,57,40,P3.3,0,0,0,1
2,1,10,200,-5,31,SW2,15
2,0,15,200,5,31,SW3,13,14
0,9,9,1,200,101,30,P4,0,0,0,3
0,3,3,1,230,101,30,P4.1,0,0,0,1
0,3,3,1,280,101,0,P4.2,0,0,0,1
0,3,3,1,260,80,30,P4.3,0,0,0,1
0,3,3,1,260,101,30,P4.4,0,0,0,1
0,3,3,1,260,121,30,P4.5,0,0,0,1
0,3,3,1,280,80,36,P4.6,0,0,0,1
0,3,3,1,280,101,36,P4.7,0,0,0,1
0,3,3,1,280,121,36,P4.8,0,0,0,1
0,3,3,1,300,80,42,P4.9,0,0,0,1
0,3,3,1,300,101,42,P4.10,0,0,0,1
0,3,3,1,300,121,42,P4.11,0,0,0,1
2,0,30,230,101,31,SW4,21,22,23,24,25,26,27,28,29
0,15,75,1,340,80,42,P5,0,0,0,3
1,3,6,8,335,39,50,MP4,0,0,0,352,45,50,328,45,50,0.1,0,0,8
1,3,6,8,340,51,50,MP5,0,0,0,352,51,50,328,51,50,-0.15,0,0,8
1,3,6,8,343,63,50,MP6,0,0,0,352,63,50,328,63,50,0.1,0,0,8
1,3,6,8,346,75,50,MP7,0,0,0,352,75,50,328,75,50,-0.1,0,0,8
1,3,6,8,349,87,50,MP8,0,0,0,352,87,50,328,87,50,0.15,0,0,8
1,3,6,8,349,99,50,MP9,0,0,0,352,99,50,328,99,50,-0.1,0,0,8
1,3,6,8,349,111,50,MP10,0,0,0,352,99,50,328,99,50,-0.15,0,0,8
0,3,3,1,300,20,42,P5.1,0,0,0,1
1,3,3,1,280,0,47,MP3,0,0,0,280,40,47,280,0,47,0,0.1,0,9
1,3,3,1,240,46,52,MP3,0,0,0,280,46,52,240,46,52,0.1,0,0,9
0,2,2,1,240,30,58,P5.1,0,0,0,1
0,2,2,1,240,45,62,P5.1,0,0,0,1
0,3,3,1,240,60,68,P5.1,0,0,0,1